42 128
9 9 9 9 9 9 9 9 9 9 9 9 9 9 9 9 9 9 9 9 9 9 9 9 9 9 9 9 9 9 9 9 9 9 9 9 9 9 9 9 9 9
8 27 1
40 27 1
16 40 1
21 30 1
27 23 1
32 39 1
41 15 1
27 25 1
17 23 1
31 40 1
2 34 1
20 8 1
17 32 1
19 13 1
29 23 1
24 5 1
31 6 1
18 2 1
33 20 1
13 8 1
2 27 1
25 17 1
41 34 1
38 14 1
13 10 1
27 4 1
40 23 1
39 13 1
33 6 1
39 28 1
17 18 1
25 31 1
3 28 1
27 17 1
37 7 1
18 40 1
34 36 1
17 29 1
31 4 1
18 42 1
17 22 1
29 42 1
2 33 1
35 16 1
6 12 1
5 14 1
30 22 1
27 24 1
41 7 1
32 40 1
19 40 1
28 1 1
10 40 1
37 1 1
27 28 1
7 25 1
28 16 1
40 25 1
27 37 1
16 37 1
32 33 1
17 15 1
42 19 1
5 34 1
10 42 1
12 39 1
39 1 1
26 8 1
16 39 1
8 35 1
22 34 1
5 27 1
1 5 1
21 18 1
18 39 1
3 20 1
29 39 1
38 3 1
32 27 1
13 24 1
40 17 1
19 37 1
37 8 1
23 18 1
23 37 1
11 17 1
1 16 1
32 18 1
30 6 1
29 32 1
18 41 1
28 14 1
7 22 1
40 34 1
35 2 1
22 5 1
1 9 1
18 25 1
42 32 1
6 3 1
22 20 1
18 1 1
21 10 1
27 12 1
12 36 1
23 8 1
36 39 1
42 34 1
39 25 1
26 38 1
32 23 1
27 18 1
6 25 1
23 10 1
20 1 1
29 36 1
20 12 1
37 4 1
32 25 1
36 41 1
38 27 1
34 8 1
23 25 1
41 40 1
20 18 1
11 14 1
1 13 1
34 10 1
