43 111
0 0 0 0 0 0 0 0 0 0 0 0 0 0 0 0 0 0 0 0 0 0 0 0 0 0 0 0 0 0 0 0 0 0 0 0 0 0 0 0 0 0 0
16 22 1
33 38 1
36 43 1
17 39 1
3 12 1
31 5 1
14 27 1
27 25 1
16 24 1
33 27 1
3 33 1
16 33 1
35 26 1
43 2 1
24 37 1
12 17 1
17 1 1
42 5 1
2 18 1
20 33 1
25 38 1
38 36 1
21 13 1
39 28 1
2 20 1
41 11 1
13 14 1
36 21 1
13 41 1
15 38 1
24 14 1
29 40 1
37 20 1
13 16 1
7 30 1
28 22 1
21 38 1
38 32 1
10 17 1
5 39 1
14 3 1
31 17 1
22 30 1
13 27 1
41 43 1
8 40 1
28 36 1
1 19 1
16 3 1
31 32 1
12 8 1
20 32 1
41 20 1
37 12 1
33 35 1
25 7 1
37 27 1
17 15 1
32 33 1
9 16 1
18 28 1
3 9 1
9 7 1
37 33 1
18 7 1
16 30 1
13 22 1
38 17 1
19 35 1
5 36 1
10 35 1
3 29 1
41 12 1
16 32 1
22 27 1
5 20 1
9 11 1
33 28 1
1 34 1
13 7 1
40 34 1
37 14 1
5 13 1
27 43 1
19 39 1
12 10 1
25 18 1
41 35 1
22 20 1
34 29 1
9 31 1
27 1 1
29 43 1
5 43 1
30 14 1
27 16 1
23 19 1
1 11 1
24 20 1
23 41 1
13 40 1
12 20 1
8 7 1
14 41 1
6 9 1
21 28 1
13 12 1
13 42 1
12 22 1
9 8 1
28 42 1
