35 79
5 5 5 5 5 5 5 5 5 5 5 5 5 5 5 5 5 5 5 5 5 5 5 5 5 5 5 5 5 5 5 5 5 5 5
31 27 1
19 27 1
32 4 1
15 32 1
1 15 1
27 25 1
35 26 1
25 15 1
25 4 1
9 2 1
2 27 1
26 28 1
22 19 1
4 9 1
18 15 1
18 4 1
2 11 1
31 25 1
8 24 1
33 23 1
22 35 1
6 26 1
2 22 1
8 17 1
12 33 1
26 32 1
22 15 1
5 30 1
26 25 1
4 6 1
27 35 1
4 15 1
34 30 1
7 32 1
12 6 1
11 20 1
16 3 1
20 32 1
9 32 1
31 32 1
17 24 1
4 17 1
7 34 1
22 32 1
26 4 1
18 19 1
19 2 1
6 35 1
14 33 1
4 19 1
15 19 1
21 18 1
11 15 1
6 28 1
1 32 1
35 25 1
32 27 1
6 21 1
4 33 1
32 18 1
30 6 1
1 25 1
1 9 1
25 18 1
35 4 1
18 34 1
31 9 1
16 18 1
19 32 1
32 35 1
15 9 1
11 12 1
11 1 1
18 27 1
20 1 1
29 12 1
8 25 1
18 20 1
29 18 1
