52 107
2 2 2 2 2 2 2 2 2 2 2 2 2 2 2 2 2 2 2 2 2 2 2 2 2 2 2 2 2 2 2 2 2 2 2 2 2 2 2 2 2 2 2 2 2 2 2 2 2 2 2 2
31 27 1
43 36 1
43 14 1
52 36 1
26 51 1
30 33 1
48 17 1
49 3 1
40 43 1
26 24 1
23 15 1
12 15 1
47 22 1
1 24 1
7 21 1
33 40 1
45 1 1
35 30 1
10 29 1
9 2 1
4 43 1
20 14 1
2 18 1
17 25 1
33 22 1
10 13 1
31 35 1
43 10 1
13 14 1
27 21 1
36 21 1
35 22 1
32 13 1
4 29 1
2 4 1
14 24 1
11 43 1
10 45 1
16 13 1
32 30 1
25 13 1
11 18 1
28 34 1
39 31 1
22 17 1
33 2 1
50 43 1
51 33 1
47 50 1
30 22 1
24 27 1
30 43 1
24 4 1
39 22 1
3 7 1
29 11 1
38 11 1
35 33 1
50 20 1
14 40 1
52 47 1
29 24 1
38 24 1
9 3 1
41 37 1
15 47 1
31 43 1
38 30 1
43 22 1
35 23 1
40 51 1
11 3 1
27 20 1
29 30 1
52 48 1
32 12 1
12 41 1
33 39 1
42 51 1
30 31 1
4 12 1
47 34 1
44 25 1
43 39 1
5 29 1
4 42 1
25 16 1
1 9 1
39 23 1
32 51 1
12 27 1
15 7 1
33 43 1
27 36 1
52 9 1
1 2 1
11 12 1
35 43 1
33 31 1
5 45 1
23 14 1
7 26 1
36 41 1
38 27 1
41 49 1
12 22 1
8 9 1
